a
00100
01010
10001
11111
10001
10001
10001
b
11110
10001
10001
11110
10001
10001
11110
c
01110
10001
10000
10000
10000
10001
01110
d
11110
10001
10001
10001
10001
10001
11110
e
11111
10000
10000
11100
10000
10000
11111
f
11111
10000
10000
11100
10000
10000
10000
g
01110
10001
10000
11111
10001
10001
01110
h
10001
10001
10001
11111
10001
10001
10001
i
11111
00100
00100
00100
00100
00100
11111
j
11111
00100
00100
00100
10100
10100
01100
k
10001
10010
10100
11000
10100
10010
10001
l
10000
10000
10000
10000
10000
10000
11111
m
10001
11011
11011
10101
10001
10001
10001
n
10001
11001
10101
10011
10001
10001
10001
o
01110
10001
10001
10001
10001
10001
01110
p
11110
10001
10001
11110
10000
10000
10000
q
01110
10001
10001
10001
10001
10010
01101
r
11110
10001
10001
11110
10100
10010
10001
s
01110
10001
10000
01110
00001
10001
01110
t
11111
00100
00100
00100
00100
00100
00100
u
10001
10001
10001
10001
10001
10001
01110
v
10001
10001
10001
10001
10001
01010
00100
w
10001
10001
10001
10101
11011
11011
10001
x
10001
10001
01010
00100
01010
10001
10001
y
10001
01010
00100
00100
00100
00100
00100
z
11111
00001
00010
00100
01000
10000
11111
.
00000
00000
00000
00000
00000
00000
10000
!
00100
00100
00100
00100
00100
00000
00100